1
4
6
7
10
15
16
21
26
29
33
35
36
37
42
43
45
46
48
50
53
56
65
79
87
89
92
95
103
108
110
115
128
131
137
139
161
164
171
172
173
177
187
202
207
216
224
226
227
228
230
233
234
240
254
257
259
265
267
268
271
274
279
280
281
284
286
288
293
294
304
305
318
319
323
329
334
335
336
341
355
357
364
379
385
387
388
396
397
407
408
413
420
421
427
428
433
435
437
440
441
445
447
455
457
467
468
469
470
474
475
476
478
483
492
494
502
516
535
537
540
544
548
549
552
557
564
567
568
571
581
587
588
590
594
598
601
602
615
622
629
642
643
647
679
689
696
703
704
707
710
712
714
716
718
719
725
728
733
735
737
747
751
755
758
764
769
772
774
776
778
781
784
788
800
824
827
828
829
830
833
834
837
839
841
843
847
854
857
859
860
861
886
905
909
914
915
922
926
927
929
930
932
950
956
967
969
970
974
975
977
982
987
990
991
993
996
999
1004
1005
1008
1009
1011
1014
1016
1019
1021
1023
