2
14
30
44
49
58
62
63
66
68
70
74
76
77
78
83
84
86
90
104
114
119
127
129
132
134
138
142
143
144
147
149
154
159
163
165
179
180
181
189
192
193
194
195
196
197
198
210
223
225
229
235
238
241
242
249
266
273
276
289
296
299
307
317
320
322
324
325
326
328
343
346
350
358
363
372
377
381
384
389
391
392
399
406
409
426
430
436
443
460
462
466
471
481
497
499
505
510
513
526
545
551
555
556
570
572
573
574
578
583
592
595
597
600
605
611
613
614
620
623
626
632
637
645
657
662
663
664
665
671
675
680
681
682
683
685
688
702
708
711
717
724
727
732
739
743
744
746
760
761
763
773
783
786
789
792
793
794
799
802
805
807
809
816
819
821
825
848
852
855
858
866
873
875
882
885
899
920
925
934
938
952
955
959
961
964
965
983
984
986
989
995
1001
1002
1003
1007
1017
